2.199999999999999872e-02
2.199999999999999872e-02
2.199999999999999872e-02
2.199999999999999872e-02
2.199999999999999872e-02
2.199999999999999872e-02
2.199999999999999872e-02
2.199999999999999872e-02
2.199999999999999872e-02
2.199999999999999872e-02
2.199999999999999872e-02
2.199999999999999872e-02
2.299999999999999961e-02
2.299999999999999961e-02
2.299999999999999961e-02
2.400000000000000050e-02
2.400000000000000050e-02
2.400000000000000050e-02
2.400000000000000050e-02
2.400000000000000050e-02
2.400000000000000050e-02
2.400000000000000050e-02
2.400000000000000050e-02
2.400000000000000050e-02
2.400000000000000050e-02
2.400000000000000050e-02
2.400000000000000050e-02
2.400000000000000050e-02
2.500000000000000139e-02
2.500000000000000139e-02
2.500000000000000139e-02
2.500000000000000139e-02
2.500000000000000139e-02
2.500000000000000139e-02
2.500000000000000139e-02
2.500000000000000139e-02
2.500000000000000139e-02
2.500000000000000139e-02
2.500000000000000139e-02
2.500000000000000139e-02
2.600000000000000228e-02
2.600000000000000228e-02
2.600000000000000228e-02
2.600000000000000228e-02
2.600000000000000228e-02
2.600000000000000228e-02
2.600000000000000228e-02
2.600000000000000228e-02
2.600000000000000228e-02
2.600000000000000228e-02
2.600000000000000228e-02
2.600000000000000228e-02
2.600000000000000228e-02
2.600000000000000228e-02
2.600000000000000228e-02
2.600000000000000228e-02
2.600000000000000228e-02
2.600000000000000228e-02
2.699999999999999969e-02
2.699999999999999969e-02
2.699999999999999969e-02
2.699999999999999969e-02
2.699999999999999969e-02
2.699999999999999969e-02
2.800000000000000058e-02
2.800000000000000058e-02
2.800000000000000058e-02
2.800000000000000058e-02
2.800000000000000058e-02
2.800000000000000058e-02
2.800000000000000058e-02
2.800000000000000058e-02
2.800000000000000058e-02
2.800000000000000058e-02
2.800000000000000058e-02
2.800000000000000058e-02
2.800000000000000058e-02
2.800000000000000058e-02
2.800000000000000058e-02
2.800000000000000058e-02
2.800000000000000058e-02
2.900000000000000147e-02
2.900000000000000147e-02
2.900000000000000147e-02
2.900000000000000147e-02
2.900000000000000147e-02
2.900000000000000147e-02
2.900000000000000147e-02
2.900000000000000147e-02
2.900000000000000147e-02
2.900000000000000147e-02
2.900000000000000147e-02
2.900000000000000147e-02
2.900000000000000147e-02
2.900000000000000147e-02
2.900000000000000147e-02
2.900000000000000147e-02
2.999999999999999889e-02
2.999999999999999889e-02
2.999999999999999889e-02
2.999999999999999889e-02
2.999999999999999889e-02
2.999999999999999889e-02
2.999999999999999889e-02
2.999999999999999889e-02
2.999999999999999889e-02
2.999999999999999889e-02
2.999999999999999889e-02
2.999999999999999889e-02
2.999999999999999889e-02
2.999999999999999889e-02
2.999999999999999889e-02
3.099999999999999978e-02
3.099999999999999978e-02
3.099999999999999978e-02
3.099999999999999978e-02
3.099999999999999978e-02
3.099999999999999978e-02
3.099999999999999978e-02
3.099999999999999978e-02
3.099999999999999978e-02
3.099999999999999978e-02
3.099999999999999978e-02
3.099999999999999978e-02
3.099999999999999978e-02
3.099999999999999978e-02
3.200000000000000067e-02
3.200000000000000067e-02
3.200000000000000067e-02
3.200000000000000067e-02
3.200000000000000067e-02
3.200000000000000067e-02
3.200000000000000067e-02
3.200000000000000067e-02
3.200000000000000067e-02
3.200000000000000067e-02
3.200000000000000067e-02
3.200000000000000067e-02
3.200000000000000067e-02
3.200000000000000067e-02
3.200000000000000067e-02
3.200000000000000067e-02
3.200000000000000067e-02
3.200000000000000067e-02
3.300000000000000155e-02
3.300000000000000155e-02
3.300000000000000155e-02
3.300000000000000155e-02
3.300000000000000155e-02
3.300000000000000155e-02
3.300000000000000155e-02
3.300000000000000155e-02
3.300000000000000155e-02
3.300000000000000155e-02
3.300000000000000155e-02
3.300000000000000155e-02
3.300000000000000155e-02
3.300000000000000155e-02
3.400000000000000244e-02
3.400000000000000244e-02
3.400000000000000244e-02
3.400000000000000244e-02
3.400000000000000244e-02
3.400000000000000244e-02
3.400000000000000244e-02
3.400000000000000244e-02
3.400000000000000244e-02
3.400000000000000244e-02
3.400000000000000244e-02
3.400000000000000244e-02
3.400000000000000244e-02
3.400000000000000244e-02
3.400000000000000244e-02
3.400000000000000244e-02
3.400000000000000244e-02
3.400000000000000244e-02
3.500000000000000333e-02
3.500000000000000333e-02
3.500000000000000333e-02
3.500000000000000333e-02
3.500000000000000333e-02
3.500000000000000333e-02
3.500000000000000333e-02
3.500000000000000333e-02
3.500000000000000333e-02
3.500000000000000333e-02
3.500000000000000333e-02
3.500000000000000333e-02
3.500000000000000333e-02
3.500000000000000333e-02
3.500000000000000333e-02
3.500000000000000333e-02
3.500000000000000333e-02
3.600000000000000422e-02
3.600000000000000422e-02
3.600000000000000422e-02
3.600000000000000422e-02
3.600000000000000422e-02
3.600000000000000422e-02
3.600000000000000422e-02
3.600000000000000422e-02
3.600000000000000422e-02
3.600000000000000422e-02
3.600000000000000422e-02
3.600000000000000422e-02
3.600000000000000422e-02
3.600000000000000422e-02
3.600000000000000422e-02
3.600000000000000422e-02
3.600000000000000422e-02
3.600000000000000422e-02
3.699999999999999817e-02
3.699999999999999817e-02
3.699999999999999817e-02
3.699999999999999817e-02
3.699999999999999817e-02
3.699999999999999817e-02
3.699999999999999817e-02
3.699999999999999817e-02
3.699999999999999817e-02
3.699999999999999817e-02
3.699999999999999817e-02
3.699999999999999817e-02
3.699999999999999817e-02
3.699999999999999817e-02
3.699999999999999817e-02
3.699999999999999817e-02
3.699999999999999817e-02
3.699999999999999817e-02
3.799999999999999906e-02
3.799999999999999906e-02
3.799999999999999906e-02
3.799999999999999906e-02
3.799999999999999906e-02
3.799999999999999906e-02
3.799999999999999906e-02
3.799999999999999906e-02
3.799999999999999906e-02
3.799999999999999906e-02
3.799999999999999906e-02
3.799999999999999906e-02
3.799999999999999906e-02
3.799999999999999906e-02
3.799999999999999906e-02
3.799999999999999906e-02
3.899999999999999994e-02
3.899999999999999994e-02
3.899999999999999994e-02
3.899999999999999994e-02
3.899999999999999994e-02
3.899999999999999994e-02
3.899999999999999994e-02
3.899999999999999994e-02
3.899999999999999994e-02
3.899999999999999994e-02
3.899999999999999994e-02
3.899999999999999994e-02
3.899999999999999994e-02
3.899999999999999994e-02
3.899999999999999994e-02
3.899999999999999994e-02
4.000000000000000083e-02
4.000000000000000083e-02
4.000000000000000083e-02
4.000000000000000083e-02
4.000000000000000083e-02
4.000000000000000083e-02
4.000000000000000083e-02
4.000000000000000083e-02
4.000000000000000083e-02
4.000000000000000083e-02
4.000000000000000083e-02
4.000000000000000083e-02
4.000000000000000083e-02
4.000000000000000083e-02
4.000000000000000083e-02
4.000000000000000083e-02
4.000000000000000083e-02
4.000000000000000083e-02
4.000000000000000083e-02
4.100000000000000172e-02
4.100000000000000172e-02
4.100000000000000172e-02
4.100000000000000172e-02
4.100000000000000172e-02
4.100000000000000172e-02
4.100000000000000172e-02
4.100000000000000172e-02
4.100000000000000172e-02
4.100000000000000172e-02
4.100000000000000172e-02
4.100000000000000172e-02
4.100000000000000172e-02
4.100000000000000172e-02
4.100000000000000172e-02
4.100000000000000172e-02
4.100000000000000172e-02
4.200000000000000261e-02
4.200000000000000261e-02
4.200000000000000261e-02
4.200000000000000261e-02
4.200000000000000261e-02
4.200000000000000261e-02
4.200000000000000261e-02
4.200000000000000261e-02
4.200000000000000261e-02
4.200000000000000261e-02
4.200000000000000261e-02
4.200000000000000261e-02
4.200000000000000261e-02
4.200000000000000261e-02
4.200000000000000261e-02
4.200000000000000261e-02
4.300000000000000350e-02
4.300000000000000350e-02
4.300000000000000350e-02
4.300000000000000350e-02
4.300000000000000350e-02
4.300000000000000350e-02
4.300000000000000350e-02
4.300000000000000350e-02
4.300000000000000350e-02
4.300000000000000350e-02
4.300000000000000350e-02
4.300000000000000350e-02
4.300000000000000350e-02
4.300000000000000350e-02
4.300000000000000350e-02
4.300000000000000350e-02
4.399999999999999745e-02
4.399999999999999745e-02
4.399999999999999745e-02
4.399999999999999745e-02
4.399999999999999745e-02
4.399999999999999745e-02
4.399999999999999745e-02
4.399999999999999745e-02
4.399999999999999745e-02
4.399999999999999745e-02
4.399999999999999745e-02
4.399999999999999745e-02
4.399999999999999745e-02
4.399999999999999745e-02
4.399999999999999745e-02
4.399999999999999745e-02
4.399999999999999745e-02
4.399999999999999745e-02
4.399999999999999745e-02
4.499999999999999833e-02
4.499999999999999833e-02
4.499999999999999833e-02
4.499999999999999833e-02
4.499999999999999833e-02
4.499999999999999833e-02
4.499999999999999833e-02
4.499999999999999833e-02
4.499999999999999833e-02
4.499999999999999833e-02
4.499999999999999833e-02
4.499999999999999833e-02
4.499999999999999833e-02
4.499999999999999833e-02
4.499999999999999833e-02
4.499999999999999833e-02
4.599999999999999922e-02
4.599999999999999922e-02
4.599999999999999922e-02
4.599999999999999922e-02
4.599999999999999922e-02
4.599999999999999922e-02
4.599999999999999922e-02
4.599999999999999922e-02
4.599999999999999922e-02
4.599999999999999922e-02
4.599999999999999922e-02
4.599999999999999922e-02
4.599999999999999922e-02
4.599999999999999922e-02
4.599999999999999922e-02
4.599999999999999922e-02
4.599999999999999922e-02
4.599999999999999922e-02
4.599999999999999922e-02
4.599999999999999922e-02
4.700000000000000011e-02
4.700000000000000011e-02
4.700000000000000011e-02
4.700000000000000011e-02
4.700000000000000011e-02
4.700000000000000011e-02
4.700000000000000011e-02
4.700000000000000011e-02
4.700000000000000011e-02
4.700000000000000011e-02
4.700000000000000011e-02
4.800000000000000100e-02
4.800000000000000100e-02
4.800000000000000100e-02
4.800000000000000100e-02
4.800000000000000100e-02
4.800000000000000100e-02
4.800000000000000100e-02
4.800000000000000100e-02
4.800000000000000100e-02
4.800000000000000100e-02
4.800000000000000100e-02
4.800000000000000100e-02
4.800000000000000100e-02
4.800000000000000100e-02
4.800000000000000100e-02
4.800000000000000100e-02
4.800000000000000100e-02
4.900000000000000189e-02
4.900000000000000189e-02
4.900000000000000189e-02
4.900000000000000189e-02
4.900000000000000189e-02
4.900000000000000189e-02
4.900000000000000189e-02
4.900000000000000189e-02
4.900000000000000189e-02
4.900000000000000189e-02
4.900000000000000189e-02
4.900000000000000189e-02
4.900000000000000189e-02
4.900000000000000189e-02
4.900000000000000189e-02
4.900000000000000189e-02
4.900000000000000189e-02
4.900000000000000189e-02
4.900000000000000189e-02
5.000000000000000278e-02
5.000000000000000278e-02
5.000000000000000278e-02
5.000000000000000278e-02
5.000000000000000278e-02
5.000000000000000278e-02
5.000000000000000278e-02
5.000000000000000278e-02
5.000000000000000278e-02
5.000000000000000278e-02
5.000000000000000278e-02
5.000000000000000278e-02
5.000000000000000278e-02
5.000000000000000278e-02
5.000000000000000278e-02
5.000000000000000278e-02
5.100000000000000366e-02
5.100000000000000366e-02
5.100000000000000366e-02
5.100000000000000366e-02
5.100000000000000366e-02
5.100000000000000366e-02
5.100000000000000366e-02
5.100000000000000366e-02
5.100000000000000366e-02
5.100000000000000366e-02
5.100000000000000366e-02
5.100000000000000366e-02
5.100000000000000366e-02
5.100000000000000366e-02
5.100000000000000366e-02
5.100000000000000366e-02
5.100000000000000366e-02
5.100000000000000366e-02
5.100000000000000366e-02
5.100000000000000366e-02
5.200000000000000455e-02
5.200000000000000455e-02
5.200000000000000455e-02
5.200000000000000455e-02
5.200000000000000455e-02
5.200000000000000455e-02
5.200000000000000455e-02
5.200000000000000455e-02
5.200000000000000455e-02
5.200000000000000455e-02
5.200000000000000455e-02
5.200000000000000455e-02
5.200000000000000455e-02
5.200000000000000455e-02
5.200000000000000455e-02
5.200000000000000455e-02
5.299999999999999850e-02
5.299999999999999850e-02
5.299999999999999850e-02
5.299999999999999850e-02
5.299999999999999850e-02
5.299999999999999850e-02
5.299999999999999850e-02
5.299999999999999850e-02
5.299999999999999850e-02
5.299999999999999850e-02
5.299999999999999850e-02
5.299999999999999850e-02
5.399999999999999939e-02
5.399999999999999939e-02
5.399999999999999939e-02
5.399999999999999939e-02
5.399999999999999939e-02
5.399999999999999939e-02
5.399999999999999939e-02
5.399999999999999939e-02
5.399999999999999939e-02
5.399999999999999939e-02
5.399999999999999939e-02
5.399999999999999939e-02
5.399999999999999939e-02
5.399999999999999939e-02
5.399999999999999939e-02
5.399999999999999939e-02
5.500000000000000028e-02
5.500000000000000028e-02
5.500000000000000028e-02
5.500000000000000028e-02
5.500000000000000028e-02
5.500000000000000028e-02
5.500000000000000028e-02
5.500000000000000028e-02
5.500000000000000028e-02
5.500000000000000028e-02
5.500000000000000028e-02
5.500000000000000028e-02
5.500000000000000028e-02
5.500000000000000028e-02
5.500000000000000028e-02
5.600000000000000117e-02
5.600000000000000117e-02
5.600000000000000117e-02
5.600000000000000117e-02
5.600000000000000117e-02
5.600000000000000117e-02
5.600000000000000117e-02
5.600000000000000117e-02
5.600000000000000117e-02
5.600000000000000117e-02
5.600000000000000117e-02
5.600000000000000117e-02
5.600000000000000117e-02
5.600000000000000117e-02
5.600000000000000117e-02
5.600000000000000117e-02
5.700000000000000205e-02
5.700000000000000205e-02
5.700000000000000205e-02
5.700000000000000205e-02
5.700000000000000205e-02
5.700000000000000205e-02
5.700000000000000205e-02
5.700000000000000205e-02
5.700000000000000205e-02
5.700000000000000205e-02
5.700000000000000205e-02
5.700000000000000205e-02
5.700000000000000205e-02
5.700000000000000205e-02
5.700000000000000205e-02
5.800000000000000294e-02
5.800000000000000294e-02
5.800000000000000294e-02
5.800000000000000294e-02
5.800000000000000294e-02
5.800000000000000294e-02
5.800000000000000294e-02
5.800000000000000294e-02
5.800000000000000294e-02
5.800000000000000294e-02
5.800000000000000294e-02
5.800000000000000294e-02
5.800000000000000294e-02
5.800000000000000294e-02
5.800000000000000294e-02
5.800000000000000294e-02
5.800000000000000294e-02
5.900000000000000383e-02
5.900000000000000383e-02
5.900000000000000383e-02
5.900000000000000383e-02
5.900000000000000383e-02
5.900000000000000383e-02
5.900000000000000383e-02
5.900000000000000383e-02
5.900000000000000383e-02
5.900000000000000383e-02
5.900000000000000383e-02
5.900000000000000383e-02
5.900000000000000383e-02
5.900000000000000383e-02
5.900000000000000383e-02
5.900000000000000383e-02
5.900000000000000383e-02
5.900000000000000383e-02
5.900000000000000383e-02
5.999999999999999778e-02
5.999999999999999778e-02
5.999999999999999778e-02
5.999999999999999778e-02
5.999999999999999778e-02
5.999999999999999778e-02
5.999999999999999778e-02
5.999999999999999778e-02
5.999999999999999778e-02
5.999999999999999778e-02
5.999999999999999778e-02
5.999999999999999778e-02
5.999999999999999778e-02
5.999999999999999778e-02
5.999999999999999778e-02
5.999999999999999778e-02
5.999999999999999778e-02
6.099999999999999867e-02
6.099999999999999867e-02
6.099999999999999867e-02
6.099999999999999867e-02
6.099999999999999867e-02
6.099999999999999867e-02
6.099999999999999867e-02
6.099999999999999867e-02
6.099999999999999867e-02
6.099999999999999867e-02
6.099999999999999867e-02
6.099999999999999867e-02
6.099999999999999867e-02
6.099999999999999867e-02
6.099999999999999867e-02
6.099999999999999867e-02
6.099999999999999867e-02
6.099999999999999867e-02
6.199999999999999956e-02
6.199999999999999956e-02
6.199999999999999956e-02
6.199999999999999956e-02
6.199999999999999956e-02
6.199999999999999956e-02
6.199999999999999956e-02
6.199999999999999956e-02
6.199999999999999956e-02
6.199999999999999956e-02
6.199999999999999956e-02
6.199999999999999956e-02
6.199999999999999956e-02
6.199999999999999956e-02
6.199999999999999956e-02
6.199999999999999956e-02
6.199999999999999956e-02
6.300000000000000044e-02
6.300000000000000044e-02
6.300000000000000044e-02
6.300000000000000044e-02
6.300000000000000044e-02
6.300000000000000044e-02
6.300000000000000044e-02
6.300000000000000044e-02
6.300000000000000044e-02
6.300000000000000044e-02
6.300000000000000044e-02
6.300000000000000044e-02
6.300000000000000044e-02
6.300000000000000044e-02
6.300000000000000044e-02
6.300000000000000044e-02
6.400000000000000133e-02
6.400000000000000133e-02
6.400000000000000133e-02
6.400000000000000133e-02
6.400000000000000133e-02
6.400000000000000133e-02
6.400000000000000133e-02
6.400000000000000133e-02
6.400000000000000133e-02
6.400000000000000133e-02
6.400000000000000133e-02
6.400000000000000133e-02
6.400000000000000133e-02
6.400000000000000133e-02
6.400000000000000133e-02
6.400000000000000133e-02
6.400000000000000133e-02
6.400000000000000133e-02
6.500000000000000222e-02
6.500000000000000222e-02
6.500000000000000222e-02
6.500000000000000222e-02
6.500000000000000222e-02
6.500000000000000222e-02
6.500000000000000222e-02
6.500000000000000222e-02
6.500000000000000222e-02
6.500000000000000222e-02
6.500000000000000222e-02
6.500000000000000222e-02
6.500000000000000222e-02
6.500000000000000222e-02
6.500000000000000222e-02
6.500000000000000222e-02
6.500000000000000222e-02
6.600000000000000311e-02
6.600000000000000311e-02
6.600000000000000311e-02
6.600000000000000311e-02
6.600000000000000311e-02
6.600000000000000311e-02
6.600000000000000311e-02
6.600000000000000311e-02
6.600000000000000311e-02
6.600000000000000311e-02
6.600000000000000311e-02
6.600000000000000311e-02
6.600000000000000311e-02
6.600000000000000311e-02
6.600000000000000311e-02
6.700000000000000400e-02
6.700000000000000400e-02
6.700000000000000400e-02
6.700000000000000400e-02
6.700000000000000400e-02
6.700000000000000400e-02
6.700000000000000400e-02
6.700000000000000400e-02
6.700000000000000400e-02
6.700000000000000400e-02
6.700000000000000400e-02
6.700000000000000400e-02
6.700000000000000400e-02
6.700000000000000400e-02
6.700000000000000400e-02
6.700000000000000400e-02
6.700000000000000400e-02
6.800000000000000488e-02
6.800000000000000488e-02
6.800000000000000488e-02
6.800000000000000488e-02
6.800000000000000488e-02
6.800000000000000488e-02
6.800000000000000488e-02
6.800000000000000488e-02
6.800000000000000488e-02
6.800000000000000488e-02
6.800000000000000488e-02
6.800000000000000488e-02
6.800000000000000488e-02
6.900000000000000577e-02
6.900000000000000577e-02
6.900000000000000577e-02
6.900000000000000577e-02
6.900000000000000577e-02
6.900000000000000577e-02
6.900000000000000577e-02
6.900000000000000577e-02
6.900000000000000577e-02
6.900000000000000577e-02
6.900000000000000577e-02
6.900000000000000577e-02
6.900000000000000577e-02
6.900000000000000577e-02
6.900000000000000577e-02
6.900000000000000577e-02
6.900000000000000577e-02
6.900000000000000577e-02
7.000000000000000666e-02
7.000000000000000666e-02
7.000000000000000666e-02
7.000000000000000666e-02
7.000000000000000666e-02
7.000000000000000666e-02
7.000000000000000666e-02
7.000000000000000666e-02
7.000000000000000666e-02
7.000000000000000666e-02
7.000000000000000666e-02
7.000000000000000666e-02
7.000000000000000666e-02
7.000000000000000666e-02
7.000000000000000666e-02
7.000000000000000666e-02
7.000000000000000666e-02
7.100000000000000755e-02
7.100000000000000755e-02
7.100000000000000755e-02
7.100000000000000755e-02
7.100000000000000755e-02
7.100000000000000755e-02
7.100000000000000755e-02
7.100000000000000755e-02
7.100000000000000755e-02
7.100000000000000755e-02
7.100000000000000755e-02
7.100000000000000755e-02
7.100000000000000755e-02
7.100000000000000755e-02
7.100000000000000755e-02
7.100000000000000755e-02
7.100000000000000755e-02
7.100000000000000755e-02
7.200000000000000844e-02
7.200000000000000844e-02
7.200000000000000844e-02
7.200000000000000844e-02
7.200000000000000844e-02
7.200000000000000844e-02
7.200000000000000844e-02
7.200000000000000844e-02
7.200000000000000844e-02
7.200000000000000844e-02
7.200000000000000844e-02
7.200000000000000844e-02
7.200000000000000844e-02
7.200000000000000844e-02
7.200000000000000844e-02
7.200000000000000844e-02
7.200000000000000844e-02
7.200000000000000844e-02
7.299999999999999545e-02
7.299999999999999545e-02
7.299999999999999545e-02
7.299999999999999545e-02
7.399999999999999634e-02
7.399999999999999634e-02
7.399999999999999634e-02
7.399999999999999634e-02
7.399999999999999634e-02
7.399999999999999634e-02
7.399999999999999634e-02
7.399999999999999634e-02
7.399999999999999634e-02
7.399999999999999634e-02
7.399999999999999634e-02
7.399999999999999634e-02
7.399999999999999634e-02
7.399999999999999634e-02
7.399999999999999634e-02
7.399999999999999634e-02
7.399999999999999634e-02
7.499999999999999722e-02
7.499999999999999722e-02
7.499999999999999722e-02
7.499999999999999722e-02
7.499999999999999722e-02
7.499999999999999722e-02
7.499999999999999722e-02
7.499999999999999722e-02
7.499999999999999722e-02
7.499999999999999722e-02
7.499999999999999722e-02
7.499999999999999722e-02
7.499999999999999722e-02
7.499999999999999722e-02
7.499999999999999722e-02
7.499999999999999722e-02
7.599999999999999811e-02
7.599999999999999811e-02
7.599999999999999811e-02
7.599999999999999811e-02
7.599999999999999811e-02
7.599999999999999811e-02
7.599999999999999811e-02
7.599999999999999811e-02
7.599999999999999811e-02
7.599999999999999811e-02
7.599999999999999811e-02
7.599999999999999811e-02
7.599999999999999811e-02
7.599999999999999811e-02
7.599999999999999811e-02
7.599999999999999811e-02
7.599999999999999811e-02
7.599999999999999811e-02
7.699999999999999900e-02
7.699999999999999900e-02
7.699999999999999900e-02
7.699999999999999900e-02
7.699999999999999900e-02
7.699999999999999900e-02
7.699999999999999900e-02
7.699999999999999900e-02
7.699999999999999900e-02
7.699999999999999900e-02
7.699999999999999900e-02
7.699999999999999900e-02
7.699999999999999900e-02
7.699999999999999900e-02
7.699999999999999900e-02
7.699999999999999900e-02
7.699999999999999900e-02
7.699999999999999900e-02
7.699999999999999900e-02
7.799999999999999989e-02
7.799999999999999989e-02
7.799999999999999989e-02
7.799999999999999989e-02
7.799999999999999989e-02
7.799999999999999989e-02
7.799999999999999989e-02
7.799999999999999989e-02
7.799999999999999989e-02
7.799999999999999989e-02
7.799999999999999989e-02
7.799999999999999989e-02
7.799999999999999989e-02
7.799999999999999989e-02
7.799999999999999989e-02
7.799999999999999989e-02
7.799999999999999989e-02
7.799999999999999989e-02
7.900000000000000078e-02
7.900000000000000078e-02
7.900000000000000078e-02
7.900000000000000078e-02
7.900000000000000078e-02
7.900000000000000078e-02
7.900000000000000078e-02
7.900000000000000078e-02
7.900000000000000078e-02
7.900000000000000078e-02
7.900000000000000078e-02
7.900000000000000078e-02
7.900000000000000078e-02
7.900000000000000078e-02
7.900000000000000078e-02
7.900000000000000078e-02
8.000000000000000167e-02
8.000000000000000167e-02
8.000000000000000167e-02
8.000000000000000167e-02
8.000000000000000167e-02
8.000000000000000167e-02
8.000000000000000167e-02
8.000000000000000167e-02
8.000000000000000167e-02
8.000000000000000167e-02
8.000000000000000167e-02
8.000000000000000167e-02
8.000000000000000167e-02
8.000000000000000167e-02
8.000000000000000167e-02
8.000000000000000167e-02
8.000000000000000167e-02
8.000000000000000167e-02
8.100000000000000255e-02
8.100000000000000255e-02
8.100000000000000255e-02
8.100000000000000255e-02
8.100000000000000255e-02
8.100000000000000255e-02
8.100000000000000255e-02
8.100000000000000255e-02
8.100000000000000255e-02
8.100000000000000255e-02
8.100000000000000255e-02
8.100000000000000255e-02
8.100000000000000255e-02
8.100000000000000255e-02
8.100000000000000255e-02
8.100000000000000255e-02
8.200000000000000344e-02
8.200000000000000344e-02
8.200000000000000344e-02
8.200000000000000344e-02
8.200000000000000344e-02
8.200000000000000344e-02
8.200000000000000344e-02
8.200000000000000344e-02
8.200000000000000344e-02
8.200000000000000344e-02
8.200000000000000344e-02
8.200000000000000344e-02
8.200000000000000344e-02
8.200000000000000344e-02
8.200000000000000344e-02
8.300000000000000433e-02
8.300000000000000433e-02
8.300000000000000433e-02
8.300000000000000433e-02
8.300000000000000433e-02
8.300000000000000433e-02
8.300000000000000433e-02
8.300000000000000433e-02
8.300000000000000433e-02
8.300000000000000433e-02
8.300000000000000433e-02
8.300000000000000433e-02
8.300000000000000433e-02
8.300000000000000433e-02
8.300000000000000433e-02
8.300000000000000433e-02
8.300000000000000433e-02
8.400000000000000522e-02
8.400000000000000522e-02
8.400000000000000522e-02
8.400000000000000522e-02
8.400000000000000522e-02
8.400000000000000522e-02
8.400000000000000522e-02
8.400000000000000522e-02
8.400000000000000522e-02
8.400000000000000522e-02
8.400000000000000522e-02
8.500000000000000611e-02
8.500000000000000611e-02
8.500000000000000611e-02
8.500000000000000611e-02
8.500000000000000611e-02
8.500000000000000611e-02
8.500000000000000611e-02
8.500000000000000611e-02
8.500000000000000611e-02
8.500000000000000611e-02
8.500000000000000611e-02
8.500000000000000611e-02
8.500000000000000611e-02
8.500000000000000611e-02
8.500000000000000611e-02
8.500000000000000611e-02
8.600000000000000699e-02
8.600000000000000699e-02
8.600000000000000699e-02
8.600000000000000699e-02
8.600000000000000699e-02
8.600000000000000699e-02
8.600000000000000699e-02
8.600000000000000699e-02
8.600000000000000699e-02
8.600000000000000699e-02
8.600000000000000699e-02
8.600000000000000699e-02
8.600000000000000699e-02
8.600000000000000699e-02
8.600000000000000699e-02
8.600000000000000699e-02
8.600000000000000699e-02
8.600000000000000699e-02
8.600000000000000699e-02
8.700000000000000788e-02
8.700000000000000788e-02
8.700000000000000788e-02
8.700000000000000788e-02
8.700000000000000788e-02
8.700000000000000788e-02
8.700000000000000788e-02
8.700000000000000788e-02
8.700000000000000788e-02
8.700000000000000788e-02
8.700000000000000788e-02
8.700000000000000788e-02
8.700000000000000788e-02
8.700000000000000788e-02
8.700000000000000788e-02
8.700000000000000788e-02
8.700000000000000788e-02
8.700000000000000788e-02
8.799999999999999489e-02
8.799999999999999489e-02
8.799999999999999489e-02
8.799999999999999489e-02
8.799999999999999489e-02
8.799999999999999489e-02
8.799999999999999489e-02
8.799999999999999489e-02
8.799999999999999489e-02
8.799999999999999489e-02
8.799999999999999489e-02
8.799999999999999489e-02
8.799999999999999489e-02
8.799999999999999489e-02
8.799999999999999489e-02
8.799999999999999489e-02
8.799999999999999489e-02
8.799999999999999489e-02
8.899999999999999578e-02
8.899999999999999578e-02
8.899999999999999578e-02
8.899999999999999578e-02
8.899999999999999578e-02
8.899999999999999578e-02
8.899999999999999578e-02
8.899999999999999578e-02
8.899999999999999578e-02
8.899999999999999578e-02
8.899999999999999578e-02
8.899999999999999578e-02
8.899999999999999578e-02
8.899999999999999578e-02
8.899999999999999578e-02
8.899999999999999578e-02
8.899999999999999578e-02
8.999999999999999667e-02
8.999999999999999667e-02
8.999999999999999667e-02
8.999999999999999667e-02
8.999999999999999667e-02
8.999999999999999667e-02
8.999999999999999667e-02
8.999999999999999667e-02
8.999999999999999667e-02
8.999999999999999667e-02
8.999999999999999667e-02
8.999999999999999667e-02
8.999999999999999667e-02
8.999999999999999667e-02
8.999999999999999667e-02
8.999999999999999667e-02
8.999999999999999667e-02
8.999999999999999667e-02
9.099999999999999756e-02
9.099999999999999756e-02
9.099999999999999756e-02
9.099999999999999756e-02
9.099999999999999756e-02
9.099999999999999756e-02
9.099999999999999756e-02
9.099999999999999756e-02
9.099999999999999756e-02
9.099999999999999756e-02
9.099999999999999756e-02
9.099999999999999756e-02
9.099999999999999756e-02
9.099999999999999756e-02
9.099999999999999756e-02
9.099999999999999756e-02
9.199999999999999845e-02
9.199999999999999845e-02
9.199999999999999845e-02
9.199999999999999845e-02
9.199999999999999845e-02
9.199999999999999845e-02
9.199999999999999845e-02
9.199999999999999845e-02
9.199999999999999845e-02
9.199999999999999845e-02
9.199999999999999845e-02
9.199999999999999845e-02
9.199999999999999845e-02
9.199999999999999845e-02
9.199999999999999845e-02
9.299999999999999933e-02
9.299999999999999933e-02
9.299999999999999933e-02
9.299999999999999933e-02
9.299999999999999933e-02
9.299999999999999933e-02
9.299999999999999933e-02
9.299999999999999933e-02
9.299999999999999933e-02
9.299999999999999933e-02
9.299999999999999933e-02
9.299999999999999933e-02
9.299999999999999933e-02
9.299999999999999933e-02
9.299999999999999933e-02
9.299999999999999933e-02
9.299999999999999933e-02
9.400000000000000022e-02
9.400000000000000022e-02
9.400000000000000022e-02
9.500000000000000111e-02
9.500000000000000111e-02
9.500000000000000111e-02
9.500000000000000111e-02
9.500000000000000111e-02
9.500000000000000111e-02
9.500000000000000111e-02
9.500000000000000111e-02
9.500000000000000111e-02
9.500000000000000111e-02
9.500000000000000111e-02
9.500000000000000111e-02
9.500000000000000111e-02
9.500000000000000111e-02
9.500000000000000111e-02
9.500000000000000111e-02
9.600000000000000200e-02
9.600000000000000200e-02
9.600000000000000200e-02
9.600000000000000200e-02
9.600000000000000200e-02
9.600000000000000200e-02
9.600000000000000200e-02
9.600000000000000200e-02
9.600000000000000200e-02
9.600000000000000200e-02
9.600000000000000200e-02
9.600000000000000200e-02
9.600000000000000200e-02
9.600000000000000200e-02
9.600000000000000200e-02
9.600000000000000200e-02
9.600000000000000200e-02
9.700000000000000289e-02
9.700000000000000289e-02
9.700000000000000289e-02
9.700000000000000289e-02
9.700000000000000289e-02
9.700000000000000289e-02
9.700000000000000289e-02
9.700000000000000289e-02
9.700000000000000289e-02
9.700000000000000289e-02
9.700000000000000289e-02
9.700000000000000289e-02
9.700000000000000289e-02
9.700000000000000289e-02
9.700000000000000289e-02
9.700000000000000289e-02
9.700000000000000289e-02
9.800000000000000377e-02
9.800000000000000377e-02
9.800000000000000377e-02
9.800000000000000377e-02
9.800000000000000377e-02
9.800000000000000377e-02
9.800000000000000377e-02
9.800000000000000377e-02
9.800000000000000377e-02
9.800000000000000377e-02
9.900000000000000466e-02
9.900000000000000466e-02
9.900000000000000466e-02
9.900000000000000466e-02
9.900000000000000466e-02
9.900000000000000466e-02
9.900000000000000466e-02
9.900000000000000466e-02
9.900000000000000466e-02
9.900000000000000466e-02
9.900000000000000466e-02
9.900000000000000466e-02
9.900000000000000466e-02
9.900000000000000466e-02
9.900000000000000466e-02
9.900000000000000466e-02
9.900000000000000466e-02
9.900000000000000466e-02
9.900000000000000466e-02
9.900000000000000466e-02
1.000000000000000056e-01
1.000000000000000056e-01
1.000000000000000056e-01
1.000000000000000056e-01
1.000000000000000056e-01
1.000000000000000056e-01
1.000000000000000056e-01
1.000000000000000056e-01
1.000000000000000056e-01
1.000000000000000056e-01
1.000000000000000056e-01
1.000000000000000056e-01
1.000000000000000056e-01
1.000000000000000056e-01
1.010000000000000064e-01
1.010000000000000064e-01
1.010000000000000064e-01
1.010000000000000064e-01
1.010000000000000064e-01
1.010000000000000064e-01
1.010000000000000064e-01
1.010000000000000064e-01
1.010000000000000064e-01
1.010000000000000064e-01
1.010000000000000064e-01
1.010000000000000064e-01
1.010000000000000064e-01
1.010000000000000064e-01
1.010000000000000064e-01
1.010000000000000064e-01
1.010000000000000064e-01
1.020000000000000073e-01
1.020000000000000073e-01
1.020000000000000073e-01
1.020000000000000073e-01
1.020000000000000073e-01
1.020000000000000073e-01
1.020000000000000073e-01
1.020000000000000073e-01
1.020000000000000073e-01
1.020000000000000073e-01
1.020000000000000073e-01
1.020000000000000073e-01
1.020000000000000073e-01
1.020000000000000073e-01
1.020000000000000073e-01
1.020000000000000073e-01
1.020000000000000073e-01
1.020000000000000073e-01
1.030000000000000082e-01
1.030000000000000082e-01
1.030000000000000082e-01
1.030000000000000082e-01
1.030000000000000082e-01
1.030000000000000082e-01
1.030000000000000082e-01
1.030000000000000082e-01
1.030000000000000082e-01
1.030000000000000082e-01
1.030000000000000082e-01
1.030000000000000082e-01
1.030000000000000082e-01
1.030000000000000082e-01
1.030000000000000082e-01
1.030000000000000082e-01
1.030000000000000082e-01
1.030000000000000082e-01
1.030000000000000082e-01
1.040000000000000091e-01
1.040000000000000091e-01
1.040000000000000091e-01
1.040000000000000091e-01
1.040000000000000091e-01
1.040000000000000091e-01
1.040000000000000091e-01
1.040000000000000091e-01
1.040000000000000091e-01
1.040000000000000091e-01
1.040000000000000091e-01
1.040000000000000091e-01
1.040000000000000091e-01
1.040000000000000091e-01
1.040000000000000091e-01
1.040000000000000091e-01
1.040000000000000091e-01
1.049999999999999961e-01
1.049999999999999961e-01
1.049999999999999961e-01
1.049999999999999961e-01
1.049999999999999961e-01
1.049999999999999961e-01
1.049999999999999961e-01
1.049999999999999961e-01
1.049999999999999961e-01
1.049999999999999961e-01
1.049999999999999961e-01
1.049999999999999961e-01
1.049999999999999961e-01
1.049999999999999961e-01
1.059999999999999970e-01
1.059999999999999970e-01
1.059999999999999970e-01
1.059999999999999970e-01
1.059999999999999970e-01
1.059999999999999970e-01
1.059999999999999970e-01
1.059999999999999970e-01
1.059999999999999970e-01
1.059999999999999970e-01
1.059999999999999970e-01
1.059999999999999970e-01
1.059999999999999970e-01
1.059999999999999970e-01
1.059999999999999970e-01
1.059999999999999970e-01
1.069999999999999979e-01
1.069999999999999979e-01
1.069999999999999979e-01
1.069999999999999979e-01
1.069999999999999979e-01
1.069999999999999979e-01
1.069999999999999979e-01
1.069999999999999979e-01
1.069999999999999979e-01
1.069999999999999979e-01
1.069999999999999979e-01
1.069999999999999979e-01
1.069999999999999979e-01
1.069999999999999979e-01
1.069999999999999979e-01
1.069999999999999979e-01
1.069999999999999979e-01
1.069999999999999979e-01
1.069999999999999979e-01
1.079999999999999988e-01
1.079999999999999988e-01
1.079999999999999988e-01
1.079999999999999988e-01
1.079999999999999988e-01
1.079999999999999988e-01
1.079999999999999988e-01
1.079999999999999988e-01
1.079999999999999988e-01
1.079999999999999988e-01
1.079999999999999988e-01
1.079999999999999988e-01
1.079999999999999988e-01
1.079999999999999988e-01
1.079999999999999988e-01
1.079999999999999988e-01
1.089999999999999997e-01
1.089999999999999997e-01
1.089999999999999997e-01
1.089999999999999997e-01
1.089999999999999997e-01
1.089999999999999997e-01
1.089999999999999997e-01
1.089999999999999997e-01
1.089999999999999997e-01
1.089999999999999997e-01
1.089999999999999997e-01
1.089999999999999997e-01
1.100000000000000006e-01
1.100000000000000006e-01
1.100000000000000006e-01
1.100000000000000006e-01
1.100000000000000006e-01
1.100000000000000006e-01
1.100000000000000006e-01
1.100000000000000006e-01
1.100000000000000006e-01
1.100000000000000006e-01
1.100000000000000006e-01
1.100000000000000006e-01
1.100000000000000006e-01
1.100000000000000006e-01
1.100000000000000006e-01
1.110000000000000014e-01
1.110000000000000014e-01
1.110000000000000014e-01
1.110000000000000014e-01
1.110000000000000014e-01
1.110000000000000014e-01
1.110000000000000014e-01
1.110000000000000014e-01
1.110000000000000014e-01
1.110000000000000014e-01
1.110000000000000014e-01
1.110000000000000014e-01
1.110000000000000014e-01
1.110000000000000014e-01
1.110000000000000014e-01
1.110000000000000014e-01
1.110000000000000014e-01
1.110000000000000014e-01
1.110000000000000014e-01
1.120000000000000023e-01
1.120000000000000023e-01
1.130000000000000032e-01
1.130000000000000032e-01
1.130000000000000032e-01
1.130000000000000032e-01
1.130000000000000032e-01
1.130000000000000032e-01
1.130000000000000032e-01
1.130000000000000032e-01
1.130000000000000032e-01
1.130000000000000032e-01
1.130000000000000032e-01
1.130000000000000032e-01
1.130000000000000032e-01
1.130000000000000032e-01
1.140000000000000041e-01
1.140000000000000041e-01
1.140000000000000041e-01
1.140000000000000041e-01
1.140000000000000041e-01
1.140000000000000041e-01
1.140000000000000041e-01
1.140000000000000041e-01
1.140000000000000041e-01
1.140000000000000041e-01
1.140000000000000041e-01
1.140000000000000041e-01
1.140000000000000041e-01
1.140000000000000041e-01
1.140000000000000041e-01
1.140000000000000041e-01
1.140000000000000041e-01
1.140000000000000041e-01
1.140000000000000041e-01
1.150000000000000050e-01
1.150000000000000050e-01
1.150000000000000050e-01
1.150000000000000050e-01
1.150000000000000050e-01
1.150000000000000050e-01
1.150000000000000050e-01
1.150000000000000050e-01
1.160000000000000059e-01
1.160000000000000059e-01
1.160000000000000059e-01
1.160000000000000059e-01
1.160000000000000059e-01
1.160000000000000059e-01
1.160000000000000059e-01
1.160000000000000059e-01
1.160000000000000059e-01
1.160000000000000059e-01
1.160000000000000059e-01
1.160000000000000059e-01
1.160000000000000059e-01
1.160000000000000059e-01
1.160000000000000059e-01
1.160000000000000059e-01
1.160000000000000059e-01
1.160000000000000059e-01
1.160000000000000059e-01
1.170000000000000068e-01
1.170000000000000068e-01
1.170000000000000068e-01
1.170000000000000068e-01
1.170000000000000068e-01
1.170000000000000068e-01
1.170000000000000068e-01
1.170000000000000068e-01
1.170000000000000068e-01
1.170000000000000068e-01
1.170000000000000068e-01
1.170000000000000068e-01
1.170000000000000068e-01
1.180000000000000077e-01
1.180000000000000077e-01
1.180000000000000077e-01
1.180000000000000077e-01
1.180000000000000077e-01
1.180000000000000077e-01
1.180000000000000077e-01
1.180000000000000077e-01
1.180000000000000077e-01
1.180000000000000077e-01
1.180000000000000077e-01
1.180000000000000077e-01
1.180000000000000077e-01
1.180000000000000077e-01
1.180000000000000077e-01
1.180000000000000077e-01
1.190000000000000085e-01
1.190000000000000085e-01
1.190000000000000085e-01
1.190000000000000085e-01
1.190000000000000085e-01
1.190000000000000085e-01
1.190000000000000085e-01
1.190000000000000085e-01
1.190000000000000085e-01
1.199999999999999956e-01
1.199999999999999956e-01
1.199999999999999956e-01
1.199999999999999956e-01
1.199999999999999956e-01
1.199999999999999956e-01
1.199999999999999956e-01
1.199999999999999956e-01
1.199999999999999956e-01
1.199999999999999956e-01
1.199999999999999956e-01
1.199999999999999956e-01
1.199999999999999956e-01
1.199999999999999956e-01
1.199999999999999956e-01
1.199999999999999956e-01
1.209999999999999964e-01
1.209999999999999964e-01
1.209999999999999964e-01
1.209999999999999964e-01
1.209999999999999964e-01
1.209999999999999964e-01
1.209999999999999964e-01
1.209999999999999964e-01
1.209999999999999964e-01
1.209999999999999964e-01
1.209999999999999964e-01
1.209999999999999964e-01
1.209999999999999964e-01
1.209999999999999964e-01
1.209999999999999964e-01
1.209999999999999964e-01
1.209999999999999964e-01
1.209999999999999964e-01
1.219999999999999973e-01
1.219999999999999973e-01
1.219999999999999973e-01
1.219999999999999973e-01
1.219999999999999973e-01
1.219999999999999973e-01
1.219999999999999973e-01
1.219999999999999973e-01
1.219999999999999973e-01
1.219999999999999973e-01
1.219999999999999973e-01
1.219999999999999973e-01
1.219999999999999973e-01
1.219999999999999973e-01
1.219999999999999973e-01
1.229999999999999982e-01
1.229999999999999982e-01
1.229999999999999982e-01
1.229999999999999982e-01
1.229999999999999982e-01
1.229999999999999982e-01
1.229999999999999982e-01
1.229999999999999982e-01
1.229999999999999982e-01
1.229999999999999982e-01
1.229999999999999982e-01
1.229999999999999982e-01
1.229999999999999982e-01
1.229999999999999982e-01
1.229999999999999982e-01
1.229999999999999982e-01
1.229999999999999982e-01
1.229999999999999982e-01
1.229999999999999982e-01
1.239999999999999991e-01
1.239999999999999991e-01
1.239999999999999991e-01
1.239999999999999991e-01
1.239999999999999991e-01
1.239999999999999991e-01
1.239999999999999991e-01
1.239999999999999991e-01
1.239999999999999991e-01
1.239999999999999991e-01
1.239999999999999991e-01
1.239999999999999991e-01
1.239999999999999991e-01
1.239999999999999991e-01
1.239999999999999991e-01
1.250000000000000000e-01
1.250000000000000000e-01
1.250000000000000000e-01
1.250000000000000000e-01
1.250000000000000000e-01
1.250000000000000000e-01
1.250000000000000000e-01
1.250000000000000000e-01
1.250000000000000000e-01
1.250000000000000000e-01
1.250000000000000000e-01
1.250000000000000000e-01
1.250000000000000000e-01
1.250000000000000000e-01
1.250000000000000000e-01
1.260000000000000009e-01
1.260000000000000009e-01
1.260000000000000009e-01
1.260000000000000009e-01
1.260000000000000009e-01
1.260000000000000009e-01
1.260000000000000009e-01
1.260000000000000009e-01
1.260000000000000009e-01
1.260000000000000009e-01
1.260000000000000009e-01
1.260000000000000009e-01
1.260000000000000009e-01
1.260000000000000009e-01
1.260000000000000009e-01
1.260000000000000009e-01
1.260000000000000009e-01
1.260000000000000009e-01
1.270000000000000018e-01
1.270000000000000018e-01
1.270000000000000018e-01
1.270000000000000018e-01
1.270000000000000018e-01
1.270000000000000018e-01
1.270000000000000018e-01
1.270000000000000018e-01
1.270000000000000018e-01
1.270000000000000018e-01
1.270000000000000018e-01
1.270000000000000018e-01
1.270000000000000018e-01
1.270000000000000018e-01
1.270000000000000018e-01
1.280000000000000027e-01
1.280000000000000027e-01
1.280000000000000027e-01
1.280000000000000027e-01
1.280000000000000027e-01
1.280000000000000027e-01
1.280000000000000027e-01
1.280000000000000027e-01
1.280000000000000027e-01
1.280000000000000027e-01
1.280000000000000027e-01
1.280000000000000027e-01
1.280000000000000027e-01
1.290000000000000036e-01
1.290000000000000036e-01
1.290000000000000036e-01
1.290000000000000036e-01
1.290000000000000036e-01
1.290000000000000036e-01
1.290000000000000036e-01
1.290000000000000036e-01
1.290000000000000036e-01
1.290000000000000036e-01
1.290000000000000036e-01
1.290000000000000036e-01
1.290000000000000036e-01
1.290000000000000036e-01
1.290000000000000036e-01
1.300000000000000044e-01
1.300000000000000044e-01
1.300000000000000044e-01
1.300000000000000044e-01
1.300000000000000044e-01
1.300000000000000044e-01
1.300000000000000044e-01
1.300000000000000044e-01
1.300000000000000044e-01
1.300000000000000044e-01
1.300000000000000044e-01
1.300000000000000044e-01
1.300000000000000044e-01
1.300000000000000044e-01
1.300000000000000044e-01
1.300000000000000044e-01
1.300000000000000044e-01
1.300000000000000044e-01
1.300000000000000044e-01
1.310000000000000053e-01
1.310000000000000053e-01
1.310000000000000053e-01
1.310000000000000053e-01
1.310000000000000053e-01
1.310000000000000053e-01
1.310000000000000053e-01
1.310000000000000053e-01
1.310000000000000053e-01
1.310000000000000053e-01
1.310000000000000053e-01
1.310000000000000053e-01
1.310000000000000053e-01
1.310000000000000053e-01
1.320000000000000062e-01
1.320000000000000062e-01
1.320000000000000062e-01
1.320000000000000062e-01
1.320000000000000062e-01
1.320000000000000062e-01
1.320000000000000062e-01
1.320000000000000062e-01
1.320000000000000062e-01
1.320000000000000062e-01
1.320000000000000062e-01
1.320000000000000062e-01
1.320000000000000062e-01
1.320000000000000062e-01
1.320000000000000062e-01
1.320000000000000062e-01
1.320000000000000062e-01
1.320000000000000062e-01
1.330000000000000071e-01
1.330000000000000071e-01
1.330000000000000071e-01
1.330000000000000071e-01
1.330000000000000071e-01
1.330000000000000071e-01
1.330000000000000071e-01
1.330000000000000071e-01
1.330000000000000071e-01
1.330000000000000071e-01
1.330000000000000071e-01
1.330000000000000071e-01
1.330000000000000071e-01
1.330000000000000071e-01
1.330000000000000071e-01
1.330000000000000071e-01
1.340000000000000080e-01
1.340000000000000080e-01
1.340000000000000080e-01
1.340000000000000080e-01
1.340000000000000080e-01
1.340000000000000080e-01
1.340000000000000080e-01
1.340000000000000080e-01
1.340000000000000080e-01
1.340000000000000080e-01
1.340000000000000080e-01
1.340000000000000080e-01
1.340000000000000080e-01
1.340000000000000080e-01
1.340000000000000080e-01
1.340000000000000080e-01
1.340000000000000080e-01
1.350000000000000089e-01
1.350000000000000089e-01
1.350000000000000089e-01
1.350000000000000089e-01
1.350000000000000089e-01
1.350000000000000089e-01
1.350000000000000089e-01
1.350000000000000089e-01
1.350000000000000089e-01
1.350000000000000089e-01
1.350000000000000089e-01
1.350000000000000089e-01
1.350000000000000089e-01
1.360000000000000098e-01
1.360000000000000098e-01
1.360000000000000098e-01
1.360000000000000098e-01
1.360000000000000098e-01
1.360000000000000098e-01
1.360000000000000098e-01
1.360000000000000098e-01
1.360000000000000098e-01
1.360000000000000098e-01
1.360000000000000098e-01
1.360000000000000098e-01
1.360000000000000098e-01
1.360000000000000098e-01
1.360000000000000098e-01
1.360000000000000098e-01
1.360000000000000098e-01
1.360000000000000098e-01
1.370000000000000107e-01
1.370000000000000107e-01
1.370000000000000107e-01
1.370000000000000107e-01
1.370000000000000107e-01
1.370000000000000107e-01
1.370000000000000107e-01
1.370000000000000107e-01
1.370000000000000107e-01
1.370000000000000107e-01
1.370000000000000107e-01
1.370000000000000107e-01
1.370000000000000107e-01
1.370000000000000107e-01
1.370000000000000107e-01
1.370000000000000107e-01
1.380000000000000115e-01
1.380000000000000115e-01
1.380000000000000115e-01
1.380000000000000115e-01
1.380000000000000115e-01
1.380000000000000115e-01
1.380000000000000115e-01
1.380000000000000115e-01
1.380000000000000115e-01
1.380000000000000115e-01
1.380000000000000115e-01
1.380000000000000115e-01
1.380000000000000115e-01
1.380000000000000115e-01
1.380000000000000115e-01
1.380000000000000115e-01
1.390000000000000124e-01
1.390000000000000124e-01
1.390000000000000124e-01
1.390000000000000124e-01
1.390000000000000124e-01
1.390000000000000124e-01
1.390000000000000124e-01
1.390000000000000124e-01
1.390000000000000124e-01
1.390000000000000124e-01
1.390000000000000124e-01
1.390000000000000124e-01
1.390000000000000124e-01
1.390000000000000124e-01
1.390000000000000124e-01
1.390000000000000124e-01
1.400000000000000133e-01
1.400000000000000133e-01
1.400000000000000133e-01
1.400000000000000133e-01
1.400000000000000133e-01
1.400000000000000133e-01
1.400000000000000133e-01
1.400000000000000133e-01
1.400000000000000133e-01
1.400000000000000133e-01
1.400000000000000133e-01
1.400000000000000133e-01
1.400000000000000133e-01
1.400000000000000133e-01
1.400000000000000133e-01
1.400000000000000133e-01
1.410000000000000142e-01
1.410000000000000142e-01
1.410000000000000142e-01
1.410000000000000142e-01
1.410000000000000142e-01
1.410000000000000142e-01
1.410000000000000142e-01
1.410000000000000142e-01
1.410000000000000142e-01
1.410000000000000142e-01
1.410000000000000142e-01
1.410000000000000142e-01
1.410000000000000142e-01
1.410000000000000142e-01
1.420000000000000151e-01
1.420000000000000151e-01
1.420000000000000151e-01
1.420000000000000151e-01
1.420000000000000151e-01
1.420000000000000151e-01
1.420000000000000151e-01
1.420000000000000151e-01
1.420000000000000151e-01
1.420000000000000151e-01
1.420000000000000151e-01
1.420000000000000151e-01
1.420000000000000151e-01
1.420000000000000151e-01
1.420000000000000151e-01
1.420000000000000151e-01
1.420000000000000151e-01
1.430000000000000160e-01
1.430000000000000160e-01
1.430000000000000160e-01
1.430000000000000160e-01
1.430000000000000160e-01
1.430000000000000160e-01
1.430000000000000160e-01
1.430000000000000160e-01
1.430000000000000160e-01
1.430000000000000160e-01
1.430000000000000160e-01
1.430000000000000160e-01
1.430000000000000160e-01
1.430000000000000160e-01
1.430000000000000160e-01
1.430000000000000160e-01
1.440000000000000169e-01
1.440000000000000169e-01
1.440000000000000169e-01
1.440000000000000169e-01
1.440000000000000169e-01
1.440000000000000169e-01
1.440000000000000169e-01
1.440000000000000169e-01
1.440000000000000169e-01
1.440000000000000169e-01
1.440000000000000169e-01
1.440000000000000169e-01
1.440000000000000169e-01
1.440000000000000169e-01
1.440000000000000169e-01
1.449999999999999900e-01
1.449999999999999900e-01
1.449999999999999900e-01
1.449999999999999900e-01
1.449999999999999900e-01
1.449999999999999900e-01
1.449999999999999900e-01
1.449999999999999900e-01
1.449999999999999900e-01
1.449999999999999900e-01
1.449999999999999900e-01
1.449999999999999900e-01
1.449999999999999900e-01
1.449999999999999900e-01
1.449999999999999900e-01
1.449999999999999900e-01
1.459999999999999909e-01
1.459999999999999909e-01
1.459999999999999909e-01
1.459999999999999909e-01
1.459999999999999909e-01
1.459999999999999909e-01
1.459999999999999909e-01
1.459999999999999909e-01
1.459999999999999909e-01
1.459999999999999909e-01
1.459999999999999909e-01
1.459999999999999909e-01
1.459999999999999909e-01
1.459999999999999909e-01
1.459999999999999909e-01
1.469999999999999918e-01
1.469999999999999918e-01
1.469999999999999918e-01
1.469999999999999918e-01
1.469999999999999918e-01
1.469999999999999918e-01
1.469999999999999918e-01
1.469999999999999918e-01
1.469999999999999918e-01
1.469999999999999918e-01
1.469999999999999918e-01
1.469999999999999918e-01
1.469999999999999918e-01
1.469999999999999918e-01
1.469999999999999918e-01
1.469999999999999918e-01
1.469999999999999918e-01
1.479999999999999927e-01
1.479999999999999927e-01
1.479999999999999927e-01
1.479999999999999927e-01
1.479999999999999927e-01
1.479999999999999927e-01
1.479999999999999927e-01
1.479999999999999927e-01
1.479999999999999927e-01
1.479999999999999927e-01
1.479999999999999927e-01
1.479999999999999927e-01
1.479999999999999927e-01
1.479999999999999927e-01
1.479999999999999927e-01
1.479999999999999927e-01
1.489999999999999936e-01
1.489999999999999936e-01
1.489999999999999936e-01
1.489999999999999936e-01
1.489999999999999936e-01
1.489999999999999936e-01
1.489999999999999936e-01
1.489999999999999936e-01
1.489999999999999936e-01
1.489999999999999936e-01
1.489999999999999936e-01
1.489999999999999936e-01
1.489999999999999936e-01
1.489999999999999936e-01
1.489999999999999936e-01
1.489999999999999936e-01
1.489999999999999936e-01
1.499999999999999944e-01
1.499999999999999944e-01
1.499999999999999944e-01
1.499999999999999944e-01
1.499999999999999944e-01
1.499999999999999944e-01
1.499999999999999944e-01
1.499999999999999944e-01
1.499999999999999944e-01
1.509999999999999953e-01
1.509999999999999953e-01
1.509999999999999953e-01
1.509999999999999953e-01
1.509999999999999953e-01
1.509999999999999953e-01
1.509999999999999953e-01
1.509999999999999953e-01
1.509999999999999953e-01
1.509999999999999953e-01
1.509999999999999953e-01
1.509999999999999953e-01
1.509999999999999953e-01
1.509999999999999953e-01
1.509999999999999953e-01
1.509999999999999953e-01
1.519999999999999962e-01
1.519999999999999962e-01
1.519999999999999962e-01
1.519999999999999962e-01
1.519999999999999962e-01
1.519999999999999962e-01
1.519999999999999962e-01
1.519999999999999962e-01
1.519999999999999962e-01
1.519999999999999962e-01
1.519999999999999962e-01
1.519999999999999962e-01
1.519999999999999962e-01
1.519999999999999962e-01
1.519999999999999962e-01
1.519999999999999962e-01
1.519999999999999962e-01
1.519999999999999962e-01
1.529999999999999971e-01
1.529999999999999971e-01
1.529999999999999971e-01
1.529999999999999971e-01
1.529999999999999971e-01
1.529999999999999971e-01
1.529999999999999971e-01
1.529999999999999971e-01
1.529999999999999971e-01
1.529999999999999971e-01
1.529999999999999971e-01
1.529999999999999971e-01
1.529999999999999971e-01
1.529999999999999971e-01
1.529999999999999971e-01
1.529999999999999971e-01
1.529999999999999971e-01
1.539999999999999980e-01
1.539999999999999980e-01
1.539999999999999980e-01
1.539999999999999980e-01
1.539999999999999980e-01
1.539999999999999980e-01
1.539999999999999980e-01
1.539999999999999980e-01
1.539999999999999980e-01
1.539999999999999980e-01
1.539999999999999980e-01
1.539999999999999980e-01
1.539999999999999980e-01
1.539999999999999980e-01
1.539999999999999980e-01
1.539999999999999980e-01
1.539999999999999980e-01
1.539999999999999980e-01
1.549999999999999989e-01
1.549999999999999989e-01
1.549999999999999989e-01
1.549999999999999989e-01
1.549999999999999989e-01
1.549999999999999989e-01
1.549999999999999989e-01
1.549999999999999989e-01
1.549999999999999989e-01
1.549999999999999989e-01
1.549999999999999989e-01
1.549999999999999989e-01
1.549999999999999989e-01
1.549999999999999989e-01
1.549999999999999989e-01
1.549999999999999989e-01
1.559999999999999998e-01
1.570000000000000007e-01
1.570000000000000007e-01
1.570000000000000007e-01
1.570000000000000007e-01
1.570000000000000007e-01
1.570000000000000007e-01
1.570000000000000007e-01
1.570000000000000007e-01
1.570000000000000007e-01
1.570000000000000007e-01
1.570000000000000007e-01
1.570000000000000007e-01
1.570000000000000007e-01
1.570000000000000007e-01
1.570000000000000007e-01
1.570000000000000007e-01
1.570000000000000007e-01
1.580000000000000016e-01
1.580000000000000016e-01
1.580000000000000016e-01
1.580000000000000016e-01
1.580000000000000016e-01
1.580000000000000016e-01
1.580000000000000016e-01
1.580000000000000016e-01
1.580000000000000016e-01
1.580000000000000016e-01
1.580000000000000016e-01
1.580000000000000016e-01
1.580000000000000016e-01
1.580000000000000016e-01
1.580000000000000016e-01
1.580000000000000016e-01
1.580000000000000016e-01
1.580000000000000016e-01
1.580000000000000016e-01
1.590000000000000024e-01
1.590000000000000024e-01
1.590000000000000024e-01
1.590000000000000024e-01
1.590000000000000024e-01
1.590000000000000024e-01
1.590000000000000024e-01
1.590000000000000024e-01
1.590000000000000024e-01
1.590000000000000024e-01
1.590000000000000024e-01
1.590000000000000024e-01
1.590000000000000024e-01
1.590000000000000024e-01
1.590000000000000024e-01
1.590000000000000024e-01
1.600000000000000033e-01
1.600000000000000033e-01
1.600000000000000033e-01
1.600000000000000033e-01
1.610000000000000042e-01
1.610000000000000042e-01
1.610000000000000042e-01
1.610000000000000042e-01
1.610000000000000042e-01
1.610000000000000042e-01
1.610000000000000042e-01
1.610000000000000042e-01
1.610000000000000042e-01
1.610000000000000042e-01
1.610000000000000042e-01
1.610000000000000042e-01
1.610000000000000042e-01
1.610000000000000042e-01
1.610000000000000042e-01
1.610000000000000042e-01
1.620000000000000051e-01
1.620000000000000051e-01
1.620000000000000051e-01
1.620000000000000051e-01
1.620000000000000051e-01
1.620000000000000051e-01
1.620000000000000051e-01
1.620000000000000051e-01
1.620000000000000051e-01
1.620000000000000051e-01
1.620000000000000051e-01
1.620000000000000051e-01
1.620000000000000051e-01
1.620000000000000051e-01
1.620000000000000051e-01
1.620000000000000051e-01
1.620000000000000051e-01
1.620000000000000051e-01
1.620000000000000051e-01
1.630000000000000060e-01
1.630000000000000060e-01
1.630000000000000060e-01
1.630000000000000060e-01
1.630000000000000060e-01
1.630000000000000060e-01
1.630000000000000060e-01
1.630000000000000060e-01
1.630000000000000060e-01
1.630000000000000060e-01
1.630000000000000060e-01
1.630000000000000060e-01
1.630000000000000060e-01
1.640000000000000069e-01
1.640000000000000069e-01
1.640000000000000069e-01
1.640000000000000069e-01
1.640000000000000069e-01
1.640000000000000069e-01
1.640000000000000069e-01
1.640000000000000069e-01
1.640000000000000069e-01
1.640000000000000069e-01
1.640000000000000069e-01
1.640000000000000069e-01
1.640000000000000069e-01
1.640000000000000069e-01
1.640000000000000069e-01
1.640000000000000069e-01
1.640000000000000069e-01
1.650000000000000078e-01
1.650000000000000078e-01
1.650000000000000078e-01
1.650000000000000078e-01
1.650000000000000078e-01
1.650000000000000078e-01
1.650000000000000078e-01
1.650000000000000078e-01
1.650000000000000078e-01
1.650000000000000078e-01
1.650000000000000078e-01
1.650000000000000078e-01
1.650000000000000078e-01
1.650000000000000078e-01
1.650000000000000078e-01
1.660000000000000087e-01
1.660000000000000087e-01
1.660000000000000087e-01
1.660000000000000087e-01
1.660000000000000087e-01
1.660000000000000087e-01
1.660000000000000087e-01
1.660000000000000087e-01
1.660000000000000087e-01
1.660000000000000087e-01
1.660000000000000087e-01
1.660000000000000087e-01
1.660000000000000087e-01
1.660000000000000087e-01
1.660000000000000087e-01
1.660000000000000087e-01
1.660000000000000087e-01
1.660000000000000087e-01
1.670000000000000095e-01
1.670000000000000095e-01
1.670000000000000095e-01
1.670000000000000095e-01
1.670000000000000095e-01
1.670000000000000095e-01
1.670000000000000095e-01
1.670000000000000095e-01
1.670000000000000095e-01
1.670000000000000095e-01
1.670000000000000095e-01
1.670000000000000095e-01
1.670000000000000095e-01
1.670000000000000095e-01
1.680000000000000104e-01
1.680000000000000104e-01
1.680000000000000104e-01
1.680000000000000104e-01
1.680000000000000104e-01
1.680000000000000104e-01
1.680000000000000104e-01
1.680000000000000104e-01
1.680000000000000104e-01
1.680000000000000104e-01
1.680000000000000104e-01
1.680000000000000104e-01
1.680000000000000104e-01
1.680000000000000104e-01
1.680000000000000104e-01
1.680000000000000104e-01
1.690000000000000113e-01
1.690000000000000113e-01
1.690000000000000113e-01
1.690000000000000113e-01
1.690000000000000113e-01
1.690000000000000113e-01
1.690000000000000113e-01
1.690000000000000113e-01
1.700000000000000122e-01
1.700000000000000122e-01
1.700000000000000122e-01
1.700000000000000122e-01
1.700000000000000122e-01
1.700000000000000122e-01
1.710000000000000131e-01
1.710000000000000131e-01
1.710000000000000131e-01
1.710000000000000131e-01
1.710000000000000131e-01
1.710000000000000131e-01
1.710000000000000131e-01
1.710000000000000131e-01
1.710000000000000131e-01
1.710000000000000131e-01
1.710000000000000131e-01
1.710000000000000131e-01
1.710000000000000131e-01
1.710000000000000131e-01
1.710000000000000131e-01
1.710000000000000131e-01
1.710000000000000131e-01
1.710000000000000131e-01
1.710000000000000131e-01
1.720000000000000140e-01
1.720000000000000140e-01
1.720000000000000140e-01
1.720000000000000140e-01
1.720000000000000140e-01
1.720000000000000140e-01
1.720000000000000140e-01
1.720000000000000140e-01
1.720000000000000140e-01
1.720000000000000140e-01
1.720000000000000140e-01
1.720000000000000140e-01
1.720000000000000140e-01
1.720000000000000140e-01
1.720000000000000140e-01
1.720000000000000140e-01
1.730000000000000149e-01
1.730000000000000149e-01
1.730000000000000149e-01
1.730000000000000149e-01
1.730000000000000149e-01
1.730000000000000149e-01
1.730000000000000149e-01
1.730000000000000149e-01
1.730000000000000149e-01
1.730000000000000149e-01
1.730000000000000149e-01
1.730000000000000149e-01
1.730000000000000149e-01
1.730000000000000149e-01
1.730000000000000149e-01
1.730000000000000149e-01
1.730000000000000149e-01
1.740000000000000158e-01
1.740000000000000158e-01
1.740000000000000158e-01
1.740000000000000158e-01
1.740000000000000158e-01
1.740000000000000158e-01
1.740000000000000158e-01
1.740000000000000158e-01
1.740000000000000158e-01
1.740000000000000158e-01
1.740000000000000158e-01
1.740000000000000158e-01
1.740000000000000158e-01
1.740000000000000158e-01
1.740000000000000158e-01
1.740000000000000158e-01
1.740000000000000158e-01
1.740000000000000158e-01
1.740000000000000158e-01
1.750000000000000167e-01
1.750000000000000167e-01
1.750000000000000167e-01
1.750000000000000167e-01
1.750000000000000167e-01
1.750000000000000167e-01
1.750000000000000167e-01
1.750000000000000167e-01
1.750000000000000167e-01
1.750000000000000167e-01
1.750000000000000167e-01
1.750000000000000167e-01
1.750000000000000167e-01
1.750000000000000167e-01
1.759999999999999898e-01
1.759999999999999898e-01
1.759999999999999898e-01
1.759999999999999898e-01
1.759999999999999898e-01
1.759999999999999898e-01
1.759999999999999898e-01
1.759999999999999898e-01
1.759999999999999898e-01
1.759999999999999898e-01
1.759999999999999898e-01
1.759999999999999898e-01
1.759999999999999898e-01
1.769999999999999907e-01
1.769999999999999907e-01
1.769999999999999907e-01
1.769999999999999907e-01
1.769999999999999907e-01
1.769999999999999907e-01
1.769999999999999907e-01
1.769999999999999907e-01
1.769999999999999907e-01
1.769999999999999907e-01
1.769999999999999907e-01
1.769999999999999907e-01
1.769999999999999907e-01
1.769999999999999907e-01
1.769999999999999907e-01
1.769999999999999907e-01
1.769999999999999907e-01
1.779999999999999916e-01
1.779999999999999916e-01
1.779999999999999916e-01
1.779999999999999916e-01
1.779999999999999916e-01
1.779999999999999916e-01
1.779999999999999916e-01
1.779999999999999916e-01
1.779999999999999916e-01
1.779999999999999916e-01
1.779999999999999916e-01
1.779999999999999916e-01
1.779999999999999916e-01
1.779999999999999916e-01
1.789999999999999925e-01
1.789999999999999925e-01
1.789999999999999925e-01
1.789999999999999925e-01
1.789999999999999925e-01
1.789999999999999925e-01
1.789999999999999925e-01
1.789999999999999925e-01
1.789999999999999925e-01
1.789999999999999925e-01
1.789999999999999925e-01
1.789999999999999925e-01
1.789999999999999925e-01
1.789999999999999925e-01
1.789999999999999925e-01
1.789999999999999925e-01
1.789999999999999925e-01
1.789999999999999925e-01
1.789999999999999925e-01
1.799999999999999933e-01
1.799999999999999933e-01
1.799999999999999933e-01
1.799999999999999933e-01
1.799999999999999933e-01
1.799999999999999933e-01
1.799999999999999933e-01
1.799999999999999933e-01
1.799999999999999933e-01
1.799999999999999933e-01
1.799999999999999933e-01
1.799999999999999933e-01
1.809999999999999942e-01
1.809999999999999942e-01
1.809999999999999942e-01
1.809999999999999942e-01
1.809999999999999942e-01
1.809999999999999942e-01
1.809999999999999942e-01
1.809999999999999942e-01
1.809999999999999942e-01
1.809999999999999942e-01
1.809999999999999942e-01
1.809999999999999942e-01
1.809999999999999942e-01
1.809999999999999942e-01
1.809999999999999942e-01
1.809999999999999942e-01
1.809999999999999942e-01
1.819999999999999951e-01
1.819999999999999951e-01
1.819999999999999951e-01
1.819999999999999951e-01
1.819999999999999951e-01
1.819999999999999951e-01
1.819999999999999951e-01
1.819999999999999951e-01
1.819999999999999951e-01
1.819999999999999951e-01
1.819999999999999951e-01
1.819999999999999951e-01
1.829999999999999960e-01
1.829999999999999960e-01
1.829999999999999960e-01
1.829999999999999960e-01
1.829999999999999960e-01
1.829999999999999960e-01
1.829999999999999960e-01
1.829999999999999960e-01
1.829999999999999960e-01
1.829999999999999960e-01
1.829999999999999960e-01
1.829999999999999960e-01
1.829999999999999960e-01
1.829999999999999960e-01
1.829999999999999960e-01
1.829999999999999960e-01
1.829999999999999960e-01
1.829999999999999960e-01
1.839999999999999969e-01
1.839999999999999969e-01
1.839999999999999969e-01
1.839999999999999969e-01
1.839999999999999969e-01
1.839999999999999969e-01
1.839999999999999969e-01
1.839999999999999969e-01
1.839999999999999969e-01
1.839999999999999969e-01
1.839999999999999969e-01
1.839999999999999969e-01
1.839999999999999969e-01
1.849999999999999978e-01
1.849999999999999978e-01
1.849999999999999978e-01
1.849999999999999978e-01
1.849999999999999978e-01
1.849999999999999978e-01
1.849999999999999978e-01
1.849999999999999978e-01
1.849999999999999978e-01
1.849999999999999978e-01
1.849999999999999978e-01
1.849999999999999978e-01
1.849999999999999978e-01
1.849999999999999978e-01
1.859999999999999987e-01
1.859999999999999987e-01
1.869999999999999996e-01
1.869999999999999996e-01
1.869999999999999996e-01
1.869999999999999996e-01
1.869999999999999996e-01
1.869999999999999996e-01
1.869999999999999996e-01
1.869999999999999996e-01
1.869999999999999996e-01
1.869999999999999996e-01
1.869999999999999996e-01
1.869999999999999996e-01
1.880000000000000004e-01
1.890000000000000013e-01
1.890000000000000013e-01
1.890000000000000013e-01
1.890000000000000013e-01
1.890000000000000013e-01
1.890000000000000013e-01
1.890000000000000013e-01
1.890000000000000013e-01
1.890000000000000013e-01
1.890000000000000013e-01
1.900000000000000022e-01
